# Khalifa's verse-by-verse alif counts, transcribed from the computer printout
# in Quran: Visual Presentation of the Miracle (1982), the book his letter of
# 27 November 1984 names as the final counting system.
#
# One line per printed page:  chapter  pdf-page  first-verse  cumulative-total : counts...
# The scan does not separate the printer's slashed zero from 8, so every 0 and
# 8 here is read as either; resolve_alif.py settles each one (see there).
2 198 0 532 : 3 1 2 4 9 3 9 3 11 10 8 10 5 26 23 1 10 11 1 12 20 8 24 12 14 25 33 10 5 11 19 16 12 22 14 15 15 7 11 11 11 19 7 10 10 9
2 199 46 1158 : 5 8 11 13 9 6 1 7 19 5 8 14 15 15 28 42 21 12 3 6 6 18 17 16 15 28 7 7 23 6 24 6 18 18 18 8 18 38 18 31 14 23 6 17 18 24
2 200 92 1778 : 6 22 14 6 14 7 4 18 6 14 46 9 16 14 13 9 12 19 14 13 4 17 21 8 9 9 17 18 17 8 8 18 16 21 28 12 15 12 11 6 18 21 9 11 25 17
2 201 138 2455 : 3 9 22 9 15 32 19 27 11 3 13 7 14 12 5 13 8 9 11 3 17 13 15 12 5 8 48 25 15 16 14 13 26 12 13 16 21 13 18 54 38 5 12 7 18 18
2 202 184 3272 : 15 26 13 47 19 21 9 15 5 9 21 13 51 28 18 11 24 13 6 18 18 11 18 11 14 9 14 14 16 39 26 15 13 36 13 18 21 23 19 13 11 8 8 5 26 48
2 203 230 4225 : 19 33 24 53 17 37 15 28 5 15 15 3 3 18 6 18 42 25 18 36 16 28 7 32 16 38 16 21 34 43 21 18 13 3 37 22 26 27 9 14 8 14 18 27 18 37
2 204 276 4502 : 8 18 14 18 6 7 187 28 18 21 48
3 206 0 584 : 3 1 7 8 14 18 12 38 18 11 12 13 4 17 22 12 14 8 19 25 24 13 9 9 14 5 15 13 17 12 14 5 18 12 2 11 28 26 8 13 11 21 18 4 11 15
3 207 46 1155 : 5 13 5 35 11 4 21 12 4 18 14 12 5 6 3 24 13 5 38 13 18 13 14 9 6 6 19 19 5 24 5 19 12 16 14 25 2 9 28 7 14 9 5 9 11 16
3 208 92 1676 : 18 19 5 8 5 18 7 13 14 6 14 25 8 12 18 6 8 9 16 8 27 15 11 4 14 13 26 26 14 6 9 6 6 8 11 6 6 18 16 6 4 8 15 18 8 7
3 209 138 2280 : 3 8 19 6 9 4 15 19 15 23 12 12 2 13 18 16 48 16 33 5 4 17 9 8 8 3 13 11 8 22 16 9 9 6 14 17 8 18 16 13 13 23 15 19 5 28
3 210 184 2521 : 7 18 17 17 15 5 13 15 8 27 13 29 4 3 13 22 15
29 212 0 518 : 3 1 11 6 18 12 5 12 12 7 25 6 12 12 12 6 8 28 9 6 15 5 11 12 17 16 9 15 18 22 4 18 15 22 11 4 18 5 8 18 28 16 6 9 8 17
29 213 46 774 : 25 17 8 13 16 7 15 18 4 5 9 4 14 2 18 9 8 16 16 12 5 14 18 7
30 215 0 410 : 3 1 1 3 3 5 7 7 19 28 16 4 3 5 2 8 15 1 5 7 7 12 11 11 16 17 3 12 15 9 15 8 6 12 5 7 13 18 18 17 5 18 9 6 2 9
30 216 46 544 : 8 16 21 4 11 6 11 18 8 8 13 4 15 3 6
31 217 0 347 : 3 1 4 8 6 3 8 13 8 5 18 7 9 7 18 18 14 13 18 7 16 21 9 9 3 8 8 11 6 16 18 9 15 24 18
32 218 0 257 : 3 1 3 6 15 13 4 5 2 7 11 3 14 11 11 13 6 9 7 14 22 8 7 8 11 5 9 17 3 6 3
10 220 0 617 : 3 5 21 28 22 19 12 18 7 11 8 13 21 14 2 32 9 18 17 11 11 28 25 28 48 8 18 21 14 6 11 18 9 4 7 15 14 12 9 18 3 7 7 7 18 16
10 221 46 1119 : 8 7 3 21 12 9 7 6 16 13 1 18 3 13 11 26 9 6 11 6 18 9 17 5 18 22 13 11 13 11 9 9 28 2 9 12 3 13 7 8 3 15 24 9 28 4
10 222 92 1319 : 18 17 14 7 3 9 28 12 18 13 18 8 16 5 18 14 16 6
11 224 0 535 : 3 4 7 15 3 12 18 21 16 7 9 8 16 9 14 18 15 19 15 7 19 7 7 14 11 5 11 23 18 21 4 23 11 18 18 9 11 9 11 3 23 8 9 28 16 18
11 225 46 1081 : 11 11 7 14 15 12 12 11 17 2 11 12 13 9 15 28 19 9 13 6 15 6 11 13 15 8 18 9 6 3 11 18 18 7 6 24 13 2 22 18 5 28 28 9 5 13
11 226 92 1370 : 18 9 18 7 5 7 6 5 6 16 8 18 4 5 7 13 18 13 7 6 8 13 11 6 22 5 7 8 18 6 4 9
12 228 0 533 : 3 5 6 12 11 18 13 5 13 9 9 18 5 18 8 12 6 16 18 12 3 24 7 14 14 25 7 3 6 6 11 22 8 12 5 7 25 22 21 18 33 18 8 18 8 11
12 229 46 1875 : 14 9 8 5 17 17 8 12 18 6 13 9 4 14 4 6 11 18 12 19 15 16 18 16 18 6 8 9 4 3 25 14 16 13 23 18 11 11 5 7 11 16 19 5 18 9
12 230 92 1306 : 6 18 8 5 16 11 5 15 28 28 18 4 6 7 5 12 12 24 18 9
14 232 0 585 : 3 12 8 11 13 16 19 5 9 28 26 19 13 18 5 4 3 8 12 18 2 28 38 13 18 9 6 28 11 3 18 15 19 6 13 14 8 15 12 9 5 4 9 7 19 8 6 6 9 4 4 6 11
15 234 0 243 : 3 6 5 5 7 6 7 6 18 6 4 7 1 3 7 6 6 1 6 9 2 9 13 3 5 2 4 4 5 3 2 6 6 4 4 4 3 3 3 8 4 2 7 2 4 2 4 4 4 6
15 235 50 493 : 6 1 8 5 4 5 5 5 7 7 8 6 2 5 4 9 8 4 6 4 4 5 1 2 7 3 2 3 5 6 3 8 7 2 5 18 3 9 9 5 4 5 2 3 4 4 6 2 1 3
13 236 0 605 : 3 12 16 15 13 22 8 18 11 5 8 19 8 9 17 18 38 48 28 13 4 9 28 7 3 13 17 13 9 7 16 44 6 19 12 16 23 15 17 7 18 16 7 6
7 238 0 544 : 3 1 3 12 18 15 6 3 4 18 6 18 18 9 3 3 5 7 9 12 19 5 25 18 6 4 13 24 27 8 12 11 17 28 11 11 13 29 37 18 28 3 15 26 28 7
7 239 46 1153 : 13 15 12 14 22 28 8 23 26 6 12 19 12 14 5 2 6 5 14 13 11 3 5 18 17 17 13 26 25 19 9 13 5 5 18 8 12 8 6 31 15 15 16 33 11 5
7 240 92 1684 : 12 4 16 21 19 11 8 11 18 16 6 11 3 18 8 5 4 5 5 8 1 12 3 9 13 18 4 4 2 6 8 13 5 6 28 16 14 14 6 19 18 17 12 7 12 23
7 241 138 2298 : 19 7 7 14 18 27 9 16 31 16 13 13 32 8 18 13 7 33 25 31 26 2 34 14 13 18 12 17 7 11 9 28 11 14 17 14 3 15 18 12 4 22 13 3 6 2
7 242 184 2529 : 7 13 3 32 23 19 14 5 4 9 9 19 5 4 7 5 6 18 3 17 18 11 4
