//////////////////////////////////////////////////////
// Splittable Prime-Index Numbers: 114, 139, 6236, ...
//////////////////////////////////////////////////////
// 
// 1..............................90........114
// 89 = P24                       البلد
// 
// 1...........25...........................114
// P24 = 89    الفرقان
// 
// 
// 1...................................110...........139
// 109 = P29                           ع
// 
// 1...............29................................139
// P29 = 109       ب
// 
// 
// 1...............................................5508.............6236
// 5507 = P728                                     وبنين شهودا
// 1...............729..............................................6236
// P728 = 5507     قُلْ هَلْ أُنَبِّئُكُم بِشَرٍّۢ مِّن ذَٰلِكَ مَثُوبَةً عِندَ ٱللَّهِ ۚ مَن لَّعَنَهُ ٱللَّهُ وَغَضِبَ عَلَيْهِ وَجَعَلَ مِنْهُمُ ٱلْقِرَدَةَ وَٱلْخَنَازِيرَ وَعَبَدَ ٱلطَّـٰغُوتَ ۚ أُو۟لَـٰٓئِكَ شَرٌّۭ مَّكَانًۭا وَأَضَلُّ عَن سَوَآءِ ٱلسَّبِيلِ
// 
// 
// بدون البسملة
// 90:1 = 6024  Val = 1007 -> 7:53 يوم يأتي تأويله
// مع البسملة
// 90:1 = 6024  Val = 1793 -> 14:43 مهطعين مقنعين
//                    1793  = C4n+1 where n = 313
// 
// Fermat Primes: P4n+1 P4n-1 C4n+1 C4n-1
//      4n313 = { 4729  4567  1793  1827 }
//////////////////////////////////////////////////////

//////////////////////////////////////////////////////
//       Index   Prime   SplittableNumber
//////////////////////////////////////////////////////
//	i	P	i+1+P or P+1+i
//////////////////////////////////////////////////////
//	1	2	4
//	2	3	6
//	3	5	9
//	4	7	12
//	5	11	17
//	.	.	.
//	.
//	24	89	114
//	.	.	.
//	29	109	139
//////////////////////////////////////////////////////
//
// Quran has 114 chapters = 24 chapters + chapter //25 + 89 chapters.
//                     where the splitter chapter //25 is (الفرقان).
// Quran has 114 chapters = 89 chapters + chapter //90 + 24 chapters.
//                     where the splitter chapter //90 is (البلد).
//           114 = 24 + 1 + 89 where the 24th prime number = 89.
//
// Quran has 6236 verses =  728 verses + verse //729 + 5507 verses.
//                    where the splitter verse //729 is (قُلْ هَلْ أُنَبِّئُكُم بِشَرٍّۢ مِّن ذَٰلِكَ مَثُوبَةً عِندَ ٱللَّهِ ۚ مَن لَّعَنَهُ ٱللَّهُ وَغَضِبَ عَلَيْهِ وَجَعَلَ مِنْهُمُ ٱلْقِرَدَةَ وَٱلْخَنَازِيرَ وَعَبَدَ ٱلطَّـٰغُوتَ ۚ أُو۟لَـٰٓئِكَ شَرٌّۭ مَّكَانًۭا وَأَضَلُّ عَن سَوَآءِ ٱلسَّبِيلِ).
// Quran has 6236 verses = 5507 verses + verse //5508 + 728 verses.
//                    where the splitter verse //5508 is (وَبَنِينَ شُهُودًۭا).
//           6236 = 728 + 1 + 5507 where the 728th prime number = 5507.
//
// Al-Fatiha has 139 letters =  29 letters + letter //30 + 109 letters.
//                        where the splitter letter //30 is (ا) at the beginning of the word (ٱلْعَـٰلَمِينَ).
// Al-Fatiha has 139 letters = 109 letters + letter //110 + 29 letters.
//                        where the splitter letter //110 is (ع) at the beginning of the word (عَلَيْهِمْ).
//               139 = 29 + 1 + 109 where the 29th prime number = 109.
//
// See Help\Numbers.xls
//
// Ali Adams
// qurancode.com
// God >
//////////////////////////////////////////////////////

4
6
9
12
17
20
25
28
33
40
43
50
55
58
63
70
77
80
87
92
95
102
107
114
123
128
131
136
139
144
159
164
171
174
185
188
195
202
207
214
221
224
235
238
243
246
259
272
277
280
285
292
295
306
313
320
327
330
337
342
345
356
371
376
379
384
399
406
417
420
425
432
441
448
455
460
467
476
481
490
501
504
515
518
525
530
537
546
551
554
559
572
581
586
595
600
607
620
623
642
649
660
667
674
677
684
695
702
709
712
719
726
731
734
747
758
761
766
773
780
783
796
801
808
817
828
837
848
857
864
871
876
885
892
897
906
911
926
937
950
953
964
967
972
975
986
1001
1006
1009
1014
1029
1034
1037
1042
1063
1068
1077
1088
1097
1102
1109
1116
1131
1136
1143
1150
1159
1166
1179
1184
1191
1194
1205
1208
1215
1226
1229
1240
1243
1250
1269
1274
1277
1282
1289
1296
1305
1312
1319
1342
1345
1356
1365
1376
1383
1390
1399
1412
1417
1424
1431
1434
1441
1454
1465
1484
1487
1492
1499
1502
1509
1514
1517
1522
1535
1538
1545
1580
1587
1594
1603
1622
1633
1648
1653
1656
1661
1668
1677
1682
1685
1692
1705
1716
1719
1724
1727
1732
1739
1752
1765
1774
1787
1794
1799
1806
1815
1820
1829
1834
1849
1854
1861
1864
1869
1876
1879
1886
1897
1918
1925
1930
1933
1958
1963
1966
1977
1990
1993
2004
2013
2020
2027
2034
2053
2060
2065
2068
2081
2092
2105
2114
2131
2146
2153
2158
2161
2166
2169
2180
2193
2200
2207
2226
2229
2246
2249
2272
2279
2288
2295
2300
2303
2308
2317
2324
2335
2338
2349
2364
2375
2382
2395
2398
2403
2406
2417
2430
2433
2450
2453
2460
2465
2468
2479
2488
2507
2532
2537
2544
2553
2570
2573
2578
2587
2604
2607
2612
2621
2628
2635
2640
2653
2656
2679
2686
2689
2696
2701
2708
2723
2730
2735
2738
2745
2750
2757
2770
2777
2784
2799
2804
2811
2824
2833
2840
2845
2872
2891
2902
2911
2916
2923
2926
2933
2956
2969
2972
2989
2998
3003
3016
3031
3042
3045
3050
3059
3066
3073
3078
3081
3086
3093
3102
3107
3110
3117
3128
3131
3142
3151
3156
3171
3182
3195
3198
3205
3210
3213
3230
3245
3250
3257
3266
3273
3278
3297
3306
3317
3324
3331
3340
3351
3364
3379
3384
3391
3398
3401
3430
3433
3444
3453
3458
3473
3478
3487
3500
3507
3520
3525
3532
3553
3564
3567
3584
3611
3616
3619
3632
3639
3644
3657
3664
3673
3678
3687
3710
3713
3718
3721
3734
3763
3766
3773
3780
3787
3792
3799
3802
3815
3820
3833
3836
3847
3850
3867
3870
3887
3894
3915
3932
3941
3946
3949
3954
3957
3980
3989
4002
4009
4020
4023
4028
4035
4038
4045
4056
4059
4072
4083
4086
4097
4112
4119
4124
4131
4140
4147
4154
4171
4184
4187
4192
4207
4214
4219
4228
4239
4248
4255
4262
4285
4292
4295
4306
4321
4326
4333
4352
4355
4366
4381
4386
4389
4400
4415
4420
4429
4448
4453
4460
4463
4468
4475
4478
4491
4496
4517
4540
4553
4556
4561
4568
4575
4578
4585
4608
4611
4618
4635
4642
4655
4658
4665
4678
4695
4698
4703
4710
4725
4730
4733
4752
4777
4788
4795
4798
4809
4812
4823
4826
4837
4844
4847
4858
4861
4872
4879
4888
4919
4930
4933
4944
4953
4960
4971
4990
4997
5010
5023
5026
5045
5052
5057
5064
5071
5090
5093
5104
5119
5126
5131
5134
5139
5164
5167
5180
5187
5204
5213
5220
5227
5246
5263
5266
5271
5278
5281
5288
5295
5306
5313
5326
5339
5358
5361
5368
5373
5392
5401
5426
5431
5434
5439
5446
5449
5462
5467
5482
5513
5524
5531
5544
5559
5566
5577
5590
5593
5598
5605
5614
5621
5632
5635
5640
5655
5662
5669
5674
5681
5684
5695
5698
5715
5728
5737
5756
5761
5768
5781
5784
5791
5798
5805
5834
5841
5856
5861
5870
5881
5890
5903
5922
5927
5930
5935
5960
5973
5980
5983
6000
6007
6014
6029
6040
6055
6060
6091
6098
6105
6112
6121
6128
6133
6136
6149
6156
6161
6164
6171
6194
6201
6204
6209
6228
6231
6236
6249
6252
6259
6264
6291
6298
6305
6310
6319
6330
6363
6380
6383
6390
6395
6398
6403
6406
6417
6432
6439
6444
6453
6464
6471
6492
6497
6500
6507
6538
6543
6552
6563
6570
6577
6586
6593
6606
6611
6618
6621
6628
6633
6640
6643
6654
6657
6674
6681
6702
6707
6720
6735
6764
6771
6792
6797
6816
6825
6832
6837
6844
6859
6866
6873
6884
6887
6898
6911
6920
6931
6934
6945
6954
6967
6978
7003
7006
7011
7020
7027
7032
7041
7060
7071
7078
7085
7088
7095
7106
7119
7122
7133
7140
7147
7154
7163
7170
7181
7188
7191
7198
7205
7212
7223
7232
7257
7264
7287
7290
7309
7314
7323
7334
7365
7374
7393
7398
7401
7412
7419
7422
7429
7434
7453
7462
7475
7494
7511
7518
7521
7534
7541
7552
7555
7566
7569
7576
7587
7602
7607
7632
7635
7652
7655
7666
7669
7680
7701
7706
7709
7714
7723
7740
7747
7754
7757
7770
7787
7796
7801
7808
7839
7842
7853
7856
7863
7868
7875
7882
7891
7898
7903
7916
7923
7932
7945
7950
7965
7978
7989
8014
8021
8034
8041
8044
8067
8076
8095
8106
8113
8128
8133
8136
8143
8154
8163
8170
8175
8182
8213
8228
8239
8242
8255
8266
8269
8286
8289
8308
8333
8352
8359
8376
8395
8402
8405
8424
8429
8436
8439
8450
8459
8470
8477
8484
8493
8498
8505
8508
8519
8522
8535
8540
8547
8554
8557
8570
8575
8590
8609
8614
8621
8642
8647
8656
8663
8668
8677
8682
8697
8704
8709
8724
8737
8742
8745
8776
8781
8806
8813
8820
8833
8846
8861
8868
8873
8876
8881
8900
8907
8920
